 25  25  25  25  25  25  25  25  25  25  25  25  25  25  25  25
 25  25  25  25  25  25  25  25  25  25  25  25  25  25  25  25
 25  25 255 255 255 255 255 255 255 255 255 255 255 255  25  25
 25  25 255 255 255 255 255 255 255 255 255 255 255 255  25  25
 25  25 255 255 255 255 255 255 255 255 255 255 255 255  25  25
 25  25 255 255 255 255 255  25  25 255 255 255 255 255  25  25
 25  25 255 255 255 255 255  25  25 255 255 255 255 255  25  25
 25  25 255 255 255  25  25  25  25  25  25 255 255 255  25  25
 25  25 255 255 255 255 255  25  25 255 255 255 255 255  25  25
 25  25 255 255 255 255  25  25  25  25 255 255 255 255  25  25
 25  25 255 255 255  25  25 255 255  25  25 255 255 255  25  25
 25  25 255 255 255 255 255 255 255 255 255 255 255 255  25  25
 25  25 255 255 255 255 255 255 255 255 255 255 255 255  25  25
 25  25 255 255 255 255 255 255 255 255 255 255 255 255  25  25
 25  25  25  25  25  25  25  25  25  25  25  25  25  25  25  25
 25  25  25  25  25  25  25  25  25  25  25  25  25  25  25  25
 25  25  25  25  25  25  25  25  25  25  25  25  25  25  25  25
 25  25  25  25  25  25  25  25  25  25  25  25  25  25  25  25
 25  25 255 255 255 255 255 255 255 255 255 255 255 255  25  25
 25  25 255 255 255 255 255 255 255 255 255 255 255 255  25  25
 25  25 255 255 255 255 255 255 255 255 255 255 255 255  25  25
 25  25 255 255 255 255 255  25  25 255 255 255 255 255  25  25
 25  25 255 255 255 255 255  25  25 255 255 255 255 255  25  25
 25  25 255 255 255  25  25  25  25  25  25 255 255 255  25  25
 25  25 255 255 255 255 255  25  25 255 255 255 255 255  25  25
 25  25 255 255 255 255  25  25  25  25 255 255 255 255  25  25
 25  25 255 255 255  25  25 255 255  25  25 255 255 255  25  25
 25  25 255 255 255 255 255 255 255 255 255 255 255 255  25  25
 25  25 255 255 255 255 255 255 255 255 255 255 255 255  25  25
 25  25 255 255 255 255 255 255 255 255 255 255 255 255  25  25
 25  25  25  25  25  25  25  25  25  25  25  25  25  25  25  25
 25  25  25  25  25  25  25  25  25  25  25  25  25  25  25  25
 26  26  26  26  26  26  26  26  26  26  26  26  26  26  26  26
 26  26  26  26  26  26  26  26  26  26  26  26  26  26  26  26
 26  26 255 255 255 255 255 255 255 255 255 255 255 255  26  26
 26  26 255 255 255 255 255 255 255 255 255 255 255 255  26  26
 26  26 255 255 255 255 255 255 255 255 255 255 255 255  26  26
 26  26 255 255 255 255 255  26  26 255 255 255 255 255  26  26
 26  26 255 255 255 255 255  26  26 255 255 255 255 255  26  26
 26  26 255 255 255  26  26  26  26  26  26 255 255 255  26  26
 26  26 255 255 255 255 255  26  26 255 255 255 255 255  26  26
 26  26 255 255 255 255  26  26  26  26 255 255 255 255  26  26
 26  26 255 255 255  26  26 255 255  26  26 255 255 255  26  26
 26  26 255 255 255 255 255 255 255 255 255 255 255 255  26  26
 26  26 255 255 255 255 255 255 255 255 255 255 255 255  26  26
 26  26 255 255 255 255 255 255 255 255 255 255 255 255  26  26
 26  26  26  26  26  26  26  26  26  26  26  26  26  26  26  26
 26  26  26  26  26  26  26  26  26  26  26  26  26  26  26  26

 25  25  25  25  25  25  25  25  25  25  25  25  25  25  25  25
 25  25  25  25  25  25  25  25  25  25  25  25  25  25  25  25
 25  25 255 255 255 255 255 255 255 255 255 255 255 255  25  25
 25  25 255 255 255 255 255 255 255 255 255 255 255 255  25  25
 25  25 255 255 255 255 255 255 255 255 255 255 255 255  25  25
 25  25 255 255 255 255 255  25 255 255  25 255 255 255  25  25
 25  25 255 255 255 255 255  25 255  25  25 255 255 255  25  25
 25  25 255 255 255  25  25  25  25  25 255 255 255 255  25  25
 25  25 255 255 255  25  25  25  25  25 255 255 255 255  25  25
 25  25 255 255 255 255 255  25 255  25  25 255 255 255  25  25
 25  25 255 255 255 255 255  25 255 255  25 255 255 255  25  25
 25  25 255 255 255 255 255 255 255 255 255 255 255 255  25  25
 25  25 255 255 255 255 255 255 255 255 255 255 255 255  25  25
 25  25 255 255 255 255 255 255 255 255 255 255 255 255  25  25
 25  25  25  25  25  25  25  25  25  25  25  25  25  25  25  25
 25  25  25  25  25  25  25  25  25  25  25  25  25  25  25  25
 25  25  25  25  25  25  25  25  25  25  25  25  25  25  25  25
 25  25  25  25  25  25  25  25  25  25  25  25  25  25  25  25
 25  25 255 255 255 255 255 255 255 255 255 255 255 255  25  25
 25  25 255 255 255 255 255 255 255 255 255 255 255 255  25  25
 25  25 255 255 255 255 255 255 255 255 255 255 255 255  25  25
 25  25 255 255 255 255 255  25 255 255  25 255 255 255  25  25
 25  25 255 255 255 255 255  25 255  25  25 255 255 255  25  25
 25  25 255 255 255  25  25  25  25  25 255 255 255 255  25  25
 25  25 255 255 255  25  25  25  25  25 255 255 255 255  25  25
 25  25 255 255 255 255 255  25 255  25  25 255 255 255  25  25
 25  25 255 255 255 255 255  25 255 255  25 255 255 255  25  25
 25  25 255 255 255 255 255 255 255 255 255 255 255 255  25  25
 25  25 255 255 255 255 255 255 255 255 255 255 255 255  25  25
 25  25 255 255 255 255 255 255 255 255 255 255 255 255  25  25
 25  25  25  25  25  25  25  25  25  25  25  25  25  25  25  25
 25  25  25  25  25  25  25  25  25  25  25  25  25  25  25  25
 26  26  26  26  26  26  26  26  26  26  26  26  26  26  26  26
 26  26  26  26  26  26  26  26  26  26  26  26  26  26  26  26
 26  26 255 255 255 255 255 255 255 255 255 255 255 255  26  26
 26  26 255 255 255 255 255 255 255 255 255 255 255 255  26  26
 26  26 255 255 255 255 255 255 255 255 255 255 255 255  26  26
 26  26 255 255 255 255 255  26 255 255  26 255 255 255  26  26
 26  26 255 255 255 255 255  26 255  26  26 255 255 255  26  26
 26  26 255 255 255  26  26  26  26  26 255 255 255 255  26  26
 26  26 255 255 255  26  26  26  26  26 255 255 255 255  26  26
 26  26 255 255 255 255 255  26 255  26  26 255 255 255  26  26
 26  26 255 255 255 255 255  26 255 255  26 255 255 255  26  26
 26  26 255 255 255 255 255 255 255 255 255 255 255 255  26  26
 26  26 255 255 255 255 255 255 255 255 255 255 255 255  26  26
 26  26 255 255 255 255 255 255 255 255 255 255 255 255  26  26
 26  26  26  26  26  26  26  26  26  26  26  26  26  26  26  26
 26  26  26  26  26  26  26  26  26  26  26  26  26  26  26  26

 25  25  25  25  25  25  25  25  25  25  25  25  25  25  25  25
 25  25  25  25  25  25  25  25  25  25  25  25  25  25  25  25
 25  33 212 220 220 220 220 220 220 220 220 220 220 216  38  27
 25  35 246 255 255 255 255 255 255 255 255 255 255 251  38  25
 25  35 246 255 249 163 212 255 255 213 163 245 255 251  38  25
 25  35 246 255 247 103 104 182 179 107 102 241 255 251  38  25
 25  35 246 255 254 209  53  81  75  57 209 254 255 251  38  25
 25  35 246 255 252 220 219  58  55 219 220 251 255 251  38  25
 25  35 246 255 243  57  54  29  29  54  56 235 255 251  38  25
 25  35 246 255 254 242 242  63  58 242 242 253 255 251  38  25
 25  35 246 255 255 255 255  64  61 255 255 255 255 251  38  25
 25  35 246 255 255 255 255 179 178 255 255 255 255 251  38  25
 25  35 246 255 255 255 255 255 255 255 255 255 255 251  38  25
 25  33 213 220 220 220 220 220 220 220 220 220 220 217  35  25
 25  25  25  25  25  25  25  25  25  25  25  25  25  25  25  25
 25  25  25  25  25  25  25  25  25  25  25  25  25  25  25  25
 25  25  25  25  25  25  25  25  25  25  25  25  25  25  25  25
 25  25  25  25  25  25  25  25  25  25  25  25  25  25  25  25
 25  33 212 220 220 220 220 220 220 220 220 220 220 216  38  27
 25  35 246 255 255 255 255 255 255 255 255 255 255 251  38  25
 25  35 246 255 249 163 212 255 255 213 163 245 255 251  38  25
 25  35 246 255 247 103 104 182 179 107 102 241 255 251  38  25
 25  35 246 255 254 209  53  81  75  57 209 254 255 251  38  25
 25  35 246 255 252 220 219  58  55 219 220 251 255 251  38  25
 25  35 246 255 243  57  54  29  29  54  56 235 255 251  38  25
 25  35 246 255 254 242 242  63  58 242 242 253 255 251  38  25
 25  35 246 255 255 255 255  64  61 255 255 255 255 251  38  25
 25  35 246 255 255 255 255 179 178 255 255 255 255 251  38  25
 25  35 246 255 255 255 255 255 255 255 255 255 255 251  38  25
 25  33 213 220 220 220 220 220 220 220 220 220 220 217  35  25
 25  25  25  25  25  25  25  25  25  25  25  25  25  25  25  25
 25  25  25  25  25  25  25  25  25  25  25  25  25  25  25  25
 26  26  26  26  26  26  26  26  26  26  26  26  26  26  26  26
 26  26  26  26  26  26  26  26  26  26  26  26  26  26  26  26
 26  34 212 220 220 220 220 220 220 220 220 220 220 216  39  28
 26  36 246 255 255 255 255 255 255 255 255 255 255 251  39  26
 26  36 246 255 249 163 212 255 255 213 163 245 255 251  39  26
 26  36 246 255 247 104 104 182 179 107 103 241 255 251  39  26
 26  36 246 255 254 209  54  82  76  57 209 254 255 251  39  26
 26  36 246 255 252 220 220  59  55 220 220 251 255 251  39  26
 26  36 246 255 243  58  55  30  30  55  57 235 255 251  39  26
 26  36 246 255 254 242 242  64  59 242 242 253 255 251  39  26
 26  36 246 255 255 255 255  65  61 255 255 255 255 251  39  26
 26  36 246 255 255 255 255 180 178 255 255 255 255 251  39  26
 26  36 246 255 255 255 255 255 255 255 255 255 255 251  39  26
 26  34 213 220 220 220 220 220 220 220 220 220 220 217  36  26
 26  26  26  26  26  26  26  26  26  26  26  26  26  26  26  26
 26  26  26  26  26  26  26  26  26  26  26  26  26  26  26  26

 25  25  28  25  25  25  25  25  25  25  25  25  25  25  25  25
 25  25  39  39  39  39  39  39  39  39  39  39  39  36  25  25
 25  25 215 251 251 251 251 251 251 251 251 251 251 219  25  25
 25  25 219 255 255 255 255 255 255 255 255 255 255 221  25  25
 25  25 219 255 246 240 255 252 235 253 255 255 255 221  25  25
 25  25 219 255 166  96 205 224  60 242 255 255 255 221  25  25
 25  25 219 255 216 112  54 223  58 242 255 255 255 221  25  25
 25  25 219 255 255 187  81  55  30  57  60 175 255 221  25  25
 25  25 219 255 255 185  77  61  31  65  67 178 255 221  25  25
 25  25 219 255 212 106  57 223  58 242 255 255 255 221  25  25
 25  25 219 255 167 100 212 224  62 242 255 255 255 221  25  25
 25  25 219 255 249 247 255 253 244 254 255 255 255 221  25  25
 25  25 219 255 255 255 255 255 255 255 255 255 255 221  25  25
 25  25 211 246 246 246 246 246 246 246 246 246 246 214  25  25
 25  25  33  35  35  35  35  35  35  35  35  35  35  33  25  25
 25  25  25  25  25  25  25  25  25  25  25  25  25  25  25  25
 25  25  28  25  25  25  25  25  25  25  25  25  25  25  25  25
 25  25  39  39  39  39  39  39  39  39  39  39  39  36  25  25
 25  25 215 251 251 251 251 251 251 251 251 251 251 219  25  25
 25  25 219 255 255 255 255 255 255 255 255 255 255 221  25  25
 25  25 219 255 246 240 255 252 235 253 255 255 255 221  25  25
 25  25 219 255 166  96 205 224  60 242 255 255 255 221  25  25
 25  25 219 255 216 112  54 223  58 242 255 255 255 221  25  25
 25  25 219 255 255 187  81  55  30  57  60 175 255 221  25  25
 25  25 219 255 255 185  77  61  31  65  67 178 255 221  25  25
 25  25 219 255 212 106  57 223  58 242 255 255 255 221  25  25
 25  25 219 255 167 100 212 224  62 242 255 255 255 221  25  25
 25  25 219 255 249 247 255 253 244 254 255 255 255 221  25  25
 25  25 219 255 255 255 255 255 255 255 255 255 255 221  25  25
 25  25 211 246 246 246 246 246 246 246 246 246 246 214  25  25
 25  25  33  35  35  35  35  35  35  35  35  35  35  33  25  25
 25  25  25  25  25  25  25  25  25  25  25  25  25  25  25  25
 26  26  29  26  26  26  26  26  26  26  26  26  26  26  26  26
 26  26  40  40  40  40  40  40  40  40  40  40  40  37  26  26
 26  26 215 251 251 251 251 251 251 251 251 251 251 219  26  26
 26  26 219 255 255 255 255 255 255 255 255 255 255 221  26  26
 26  26 219 255 246 240 255 252 235 253 255 255 255 221  26  26
 26  26 219 255 166  97 205 224  61 242 255 255 255 221  26  26
 26  26 219 255 216 113  55 224  59 242 255 255 255 221  26  26
 26  26 219 255 255 187  82  55  31  58  60 175 255 221  26  26
 26  26 219 255 255 186  78  62  32  66  68 178 255 221  26  26
 26  26 219 255 212 106  57 224  59 242 255 255 255 221  26  26
 26  26 219 255 167 101 212 224  63 242 255 255 255 221  26  26
 26  26 219 255 249 247 255 253 244 254 255 255 255 221  26  26
 26  26 219 255 255 255 255 255 255 255 255 255 255 221  26  26
 26  26 211 246 246 246 246 246 246 246 246 246 246 214  26  26
 26  26  34  36  36  36  36  36  36  36  36  36  36  34  26  26
 26  26  26  26  26  26  26  26  26  26  26  26  26  26  26  26
